000000000000000000000000000000000000000000000000001110111111000000000000000000000000000000
000000000000000000000000000000000000000000000000001111011111000000000000000000000000000000
000000000000000000000000000000000000000000000000001111101111000000000000000000000000000000
000000000000000000000000000000000000000000000000001111110111000000000000000000000000000000
000000000000000000000000000000000000000000000000001111111011000000000000000000000000000000
000000000000000000000000000000000000000000000000001111111101000000000000000000000000000000
000000000000000000000000000000000000000000000000001111111110000000000000000000000000000000
000000000000000000000000000000000000000000000000001111111101000000000000000000000000000000
000000000000000000000000000000000000000000000000001111111011100000000000000000000000000000
000000000000000000000000000000000000000000000000001111110111000000000000000000000000000000
000000000000000000000000000000000000000000000000001111101111000000000000000000000000000000
000000000000000000000000000000000000000000000000001111011111000000000000000000000000000000
000000000000000000000000000000000000000000000000001110111111000000000000000000000000000000
000000000000000000000000000000000000000000000000001101111111000000000000000000000000000000
000000000000000000000000000000000000000000000000001011111111000000000000000000000000000000
000000000000000000000000000000000000000000000000000111111111000000000000000000000000000000
000000000000000000000000000000000000000000000000001011111111000000000000000000000000000000
000000000000000000000000000000000000000000000000001101111111000000000000000000000000000000
000000000000000000000000000000000000000000000000001110111111000000000000000000000000000000
000000000000000000000000000000000000000000000000001111011111000000000000000000000000000000
000000000000000000000000000000000000000000000000001111101111000000000000000000000000000000
000000000000000000000000000000000000000000000000001111110111000000000000000000000000000000
000000000000000000000000000000000000000000000000001111111011000000000000000000000000000000
000000000000000000000000000000000000000000000000001111111101000000000000000000000000000000
000000000000000000000000000000000000000000000000001111111110000000000000000000000000000000
000000000000000000000000000000000000000000000000001110111111000000000000000000000000000000
000000000000000000000000000000000000000000000000001111011111000000000000000000000000000000
000000000000000000000000000000000000000000000000001111101111000000000000000000000000000000
000000000000000000000000000000000000000000000000001111110111000000000000000000000000000000
000000000000000000000000000000000000000000000000001111111011000000000000000000000000000000
000000000000000000000000000000000000000000000000001111111101000000000000000000000000000000
000000000000000000000000000000000000000000000000001111111110000000000000000000000000000000
000000000000000000000000000000000000000000000000001111111101000000000000000000000000000000
000000000000000000000000000000000000000000000000001111111011100000000000000000000000000000
000000000000000000000000000000000000000000000000001111110111000000000000000000000000000000
000000000000000000000000000000000000000000000000001111101111000000000000000000000000000000
000000000000000000000000000000000000000000000000001111011111000000000000000000000000000000
000000000000000000000000000000000000000000000000001110111111000000000000000000000000000000
000000000000000000000000000000000000000000000000001101111111000000000000000000000000000000
000000000000000000000000000000000000000000000000001011111111000000000000000000000000000000
000000000000000000000000000000000000000000000000000111111111000000000000000000000000000000
000000000000000000000000000000000000000000000000001011111111000000000000000000000000000000
000000000000000000000000000000000000000000000000001101111111000000000000000000000000000000
000000000000000000000000000000000000000000000000001110111111000000000000000000000000000000
000000000000000000000000000000000000000000000000001111011111000000000000000000000000000000
000000000000000000000000000000000000000000000000001111101111000000000000000000000000000000
000000000000000000000000000000000000000000000000001111110111000000000000000000000000000000
000000000000000000000000000000000000000000000000001111111011000000000000000000000000000000
000000000000000000000000000000000000000000000000001111111101000000000000000000000000000000
000000000000000000000000000000000000000000000000001111111110000000000000000000000000000000
000000000000000000000000000000000000000000000000001110111111000000000000000000000000000000
000000000000000000000000000000000000000000000000001111011111000000000000000000000000000000
000000000000000000000000000000000000000000000000001111101111000000000000000000000000000000
000000000000000000000000000000000000000000000000001111110111000000000000000000000000000000
000000000000000000000000000000000000000000000000001111111011000000000000000000000000000000
000000000000000000000000000000000000000000000000001111111101000000000000000000000000000000
000000000000000000000000000000000000000000000000001111111110000000000000000000000000000000
000000000000000000000000000000000000000000000000001111111101000000000000000000000000000000
000000000000000000000000000000000000000000000000001111111011100000000000000000000000000000
000000000000000000000000000000000000000000000000001111110111000000000000000000000000000000
000000000000000000000000000000000000000000000000001111101111000000000000000000000000000000
000000000000000000000000000000000000000000000000001111011111000000000000000000000000000000
000000000000000000000000000000000000000000000000001110111111000000000000000000000000000000
000000000000000000000000000000000000000000000000001101111111000000000000000000000000000000
000000000000000000000000000000000000000000000000001011111111000000000000000000000000000000
000000000000000000000000000000000000000000000000000111111111000000000000000000000000000000
000000000000000000000000000000000000000000000000001011111111000000000000000000000000000000
000000000000000000000000000000000000000000000000001101111111000000000000000000000000000000
000000000000000000000000000000000000000000000000001110111111000000000000000000000000000000
000000000000000000000000000000000000000000000000001111011111000000000000000000000000000000
000000000000000000000000000000000000000000000000001111101111000000000000000000000000000000
000000000000000000000000000000000000000000000000001111110111000000000000000000000000000000
000000000000000000000000000000000000000000000000001111111011000000000000000000000000000000
000000000000000000000000000000000000000000000000001111111101000000000000000000000000000000
000000000000000000000000000000000000000000000000001111111110000000000000000000000000000000
000000000000000000000000000000000000000000000000001110111111000000000000000000000000000000
000000000000000000000000000000000000000000000000001111011111000000000000000000000000000000
000000000000000000000000000000000000000000000000001111101111000000000000000000000000000000
000000000000000000000000000000000000000000000000001111110111000000000000000000000000000000
000000000000000000000000000000000000000000000000001111111011000000000000000000000000000000
000000000000000000000000000000000000000000000000001111111101000000000000000000000000000000
000000000000000000000000000000000000000000000000001111111110000000000000000000000000000000
000000000000000000000000000000000000000000000000001111111101000000000000000000000000000000
000000000000000000000000000000000000000000000000001111111011100000000000000000000000000000
000000000000000000000000000000000000000000000000001111110111000000000000000000000000000000
000000000000000000000000000000000000000000000000001111101111000000000000000000000000000000
000000000000000000000000000000000000000000000000001111011111000000000000000000000000000000
000000000000000000000000000000000000000000000000001110111111000000000000000000000000000000
000000000000000000000000000000000000000000000000001101111111000000000000000000000000000000
000000000000000000000000000000000000000000000000001011111111000000000000000000000000000000
000000000000000000000000000000000000000000000000000111111111000000000000000000000000000000
000000000000000000000000000000000000000000000000001011111111000000000000000000000000000000
000000000000000000000000000000000000000000000000001101111111000000000000000000000000000000
000000000000000000000000000000000000000000000000001110111111000000000000000000000000000000
000000000000000000000000000000000000000000000000001111011111000000000000000000000000000000
000000000000000000000000000000000000000000000000001111101111000000000000000000000000000000
000000000000000000000000000000000000000000000000001111110111000000000000000000000000000000
000000000000000000000000000000000000000000000000001111111011000000000000000000000000000000
000000000000000000000000000000000000000000000000001111111101000000000000000000000000000000
000000000000000000000000000000000000000000000000001111111110000000000000000000000000000000